-51.054741 -50.642757 -29.916646
-40.57026 -56.635381 -127.368702
-52.177068 -47.648259 -128.312018
-56.840172 -41.026981 -126.86825
-18.981368 -39.651565 -74.212381
-29.903365 -41.683092 -126.870796
-34.122258 -19.71873 -98.218037
-32.198317 -29.689649 -8.35461
-70.372305 -72.391525 -77.281796
-69.533224 -55.718231 -125.630859
-66.066844 -72.873913 -112.453938
-73.387004 -72.918668 -116.15756
-58.648175 -58.880481 -56.152104
-56.894183 -58.327154 -94.434032
-58.961226 -53.606146 -61.533011
-58.232209 -56.05945 -53.253344
-51.725338 -52.12743 -76.391329
-46.711066 -54.762766 -124.787701
-52.166309 -51.290647 -56.919292
-54.963605 -53.566924 -40.83753
-38.461555 -43.502187 -31.861347
-38.046527 -43.819362 -53.28028
-44.112315 -40.651678 -45.441383
-40.782236 -38.099782 -31.788216
-30.089561 -26.922456 -139.505946
-27.220179 -30.300677 -116.214912
-32.842654 -27.140569 -34.354146
-33.291961 -31.254838 -33.616371
-21.180188 -23.912413 -16.942279
-21.042161 -24.580945 -28.118895
-21.236154 -19.297634 -33.585268
-24.642478 -21.233611 -25.888699
-13.159502 -15.42648 -134.532983
-13.743218 -13.6732 -139.993982
-13.869888 -11.416291 -23.54638
-13.15451 -12.315721 -9.379277
-8.342496 -10.816493 -104.94049
-10.442068 -11.461853 -11.578372
-11.335514 -9.332832 -9.6984
-11.334484 -9.57 -5.5824
-4.7208 -5.712 -95.787199
-3.8976 -3.36 -33.743815
-5.5584 -5.5584 -105.17268
-8.281152 -4.656 -2.52
-1.8 -2.808 -65.57794
-1.8 0.0 -5.1744
0.0 0.0 -1.2
-1.8 -1.8 -77.858098
-1.68 -1.68 -2.808
-1.848 0.0 -127.120057
-1.2 -1.2 40.070061
-1.68 -1.2 0.0
202.090062 -0.936 -2.62752
-0.924 0.0 -54.387258
0.0 -0.6 152.756505
39.830061 -1.4232 261.281924
-49.274853 -47.844108 -40.676736
-51.412727 -42.973685 -58.061947
-46.666049 -46.264068 -137.311955
-48.463817 -51.023284 -158.3242
-31.421375 -31.068238 -21.598969
-25.720083 -35.298439 -42.902371
-31.045133 -31.148039 -138.617443
-35.67173 -27.002074 -139.302299
-13.058452 -12.80185 -54.074535
-13.391389 -8.453664 -16.457995
-9.1512 -10.630944 -122.66671
-12.948624 -10.938586 -121.253286
-8.876698 -34.200297 -129.21638
-26.070633 -22.769201 -44.857432
-31.753619 -8.304302 -129.74555
-18.486022 -19.187842 -1.339295
-7.180308 -5.940557 -116.733315
-5.570337 2.00959 -47.232236
-5.457324 10.190135 -115.598929
-3.477147 -4.628722 -70.454488
18.158326 19.773807 -130.092135
17.629092 27.689545 -9.185957
18.563901 27.269285 -125.978866
20.756267 19.328609 42.631204
80.957683 7.011153 -142.273699
16.874842 11.127009 -62.588427
14.471937 88.976445 -114.849032
41.300794 33.872533 120.887196
74.069849 62.663924 163.094688
70.751632 66.369065 42.041249
62.442957 102.357279 -143.711853
63.406903 138.547588 -127.318321
154.044709 129.436378 190.094794
159.133813 70.483066 -117.141037
116.062594 135.39822 6.596803
118.723675 151.815475 -68.712903
228.044758 187.51573 100.541155
186.953444 209.759652 -135.952853
162.649984 203.793369 96.359083
180.945786 192.58993 270.487526
